t_1 = 0.00666041761857194;
t_2 = 0.00666655758912643;
t_3 = 0.0066667757442069;

Fs = 250000;

Ts = 1/Fs;

n_1 = t_1/Ts
n_2 = t_2/Ts
n_3 = t_3/Ts
